Top Features Contributing to 20% of Performance
================================================================================
Model: MLP_Small
Family: nn
Endpoint: pIC50
Species: all_SP
Total Features: 3599
Top Features Count: 216
Cumulative Importance: 0.1994
================================================================================

                        feature  importance  importance_normalized  cumulative
                        RDF_175    0.007919               0.002023    0.002023
            FP_AtomPair1024_644    0.006315               0.001613    0.003636
            FP_AtomPair1024_217    0.006029               0.001540    0.005176
             FP_AtomPair1024_24    0.005813               0.001485    0.006660
                       AC2D_191    0.005734               0.001464    0.008125
                   FP_MACCS_126    0.005720               0.001461    0.009586
                 FP_RDKit512_28    0.005646               0.001442    0.011028
                          RDF_9    0.005606               0.001432    0.012460
                FP_RDKit512_210    0.005583               0.001426    0.013886
                FP_RDKit512_233    0.005456               0.001393    0.015279
         FP_TopoTorsion1024_292    0.005262               0.001344    0.016623
                FP_RDKit512_478    0.005257               0.001343    0.017966
       FP_MorganFeat1024_r2_372    0.005186               0.001325    0.019290
                 FP_RDKit512_19    0.005176               0.001322    0.020612
            FP_AtomPair1024_233    0.005165               0.001319    0.021932
                FP_RDKit512_223    0.005102               0.001303    0.023235
           FP_Morgan1024_r2_929    0.005036               0.001286    0.024521
                FP_RDKit512_241    0.005026               0.001284    0.025805
            FP_AtomPair1024_728    0.004897               0.001251    0.027055
                FP_RDKit512_106    0.004837               0.001235    0.028291
       FP_MorganFeat1024_r2_493    0.004832               0.001234    0.029525
           FP_Morgan1024_r2_458    0.004756               0.001215    0.030740
       FP_MorganFeat1024_r2_270    0.004747               0.001213    0.031952
                FP_RDKit512_169    0.004718               0.001205    0.033157
         FP_TopoTorsion1024_337    0.004694               0.001199    0.034356
            FP_AtomPair1024_760    0.004673               0.001193    0.035550
                   FP_MACCS_128    0.004597               0.001174    0.036724
                         RDF_15    0.004596               0.001174    0.037898
                 FP_RDKit512_79    0.004582               0.001170    0.039068
                FP_RDKit512_268    0.004537               0.001159    0.040227
         FP_TopoTorsion1024_332    0.004485               0.001146    0.041373
           FP_Morgan1024_r2_168    0.004457               0.001138    0.042511
            FP_AtomPair1024_686    0.004439               0.001134    0.043645
                FP_RDKit512_313    0.004409               0.001126    0.044771
       FP_MorganFeat1024_r2_232    0.004398               0.001123    0.045894
           FP_Morgan1024_r2_573    0.004347               0.001110    0.047004
          FP_TopoTorsion1024_13    0.004283               0.001094    0.048098
                FP_RDKit512_364    0.004257               0.001087    0.049186
                        AC3D_39    0.004238               0.001082    0.050268
                    FP_MACCS_95    0.004199               0.001072    0.051340
            FP_AtomPair1024_272    0.004199               0.001072    0.052413
             3D_SpherocityIndex    0.004169               0.001065    0.053478
            FP_AtomPair1024_566    0.004144               0.001058    0.054536
            FP_AtomPair1024_280    0.004134               0.001056    0.055592
       FP_MorganFeat1024_r2_782    0.004125               0.001053    0.056646
            FP_AtomPair1024_306    0.004113               0.001051    0.057696
                FP_RDKit512_499    0.004095               0.001046    0.058742
                FP_RDKit512_395    0.004078               0.001042    0.059783
           FP_Morgan1024_r2_534    0.004076               0.001041    0.060824
         FP_TopoTorsion1024_368    0.004073               0.001040    0.061865
                FP_RDKit512_139    0.004069               0.001039    0.062904
       FP_MorganFeat1024_r2_371    0.003965               0.001013    0.063917
                FP_RDKit512_417    0.003960               0.001011    0.064928
                FP_RDKit512_287    0.003952               0.001009    0.065937
            FP_AtomPair1024_141    0.003938               0.001006    0.066943
            FP_AtomPair1024_423    0.003900               0.000996    0.067939
                 RDKit2D_AvgIpc    0.003898               0.000996    0.068935
         FP_TopoTorsion1024_313    0.003887               0.000993    0.069928
                         RDF_21    0.003883               0.000992    0.070920
                FP_RDKit512_352    0.003881               0.000991    0.071911
                FP_RDKit512_203    0.003879               0.000991    0.072902
         FP_TopoTorsion1024_305    0.003841               0.000981    0.073883
                        AC3D_24    0.003839               0.000981    0.074863
           RDKit2D_BCUT2D_MWLOW    0.003829               0.000978    0.075841
                   FP_MACCS_144    0.003818               0.000975    0.076816
                        AC2D_99    0.003809               0.000973    0.077789
            FP_AtomPair1024_944    0.003792               0.000969    0.078758
         FP_TopoTorsion1024_692    0.003788               0.000967    0.079725
            FP_AtomPair1024_135    0.003757               0.000959    0.080685
         FP_TopoTorsion1024_725    0.003706               0.000947    0.081631
                       AC2D_141    0.003691               0.000943    0.082574
                FP_RDKit512_463    0.003690               0.000942    0.083516
                    FP_MACCS_76    0.003674               0.000938    0.084455
                 FP_RDKit512_13    0.003670               0.000937    0.085392
             RDKit2D_fr_halogen    0.003663               0.000936    0.086328
            FP_AtomPair1024_181    0.003655               0.000934    0.087261
            FP_AtomPair1024_257    0.003649               0.000932    0.088193
                       AC2D_154    0.003645               0.000931    0.089124
            FP_AtomPair1024_177    0.003641               0.000930    0.090054
           FP_Morgan1024_r2_222    0.003594               0.000918    0.090972
                FP_RDKit512_148    0.003589               0.000917    0.091889
           FP_Morgan1024_r2_155    0.003584               0.000915    0.092804
                FP_RDKit512_297    0.003580               0.000914    0.093719
            FP_AtomPair1024_870    0.003577               0.000914    0.094632
         FP_TopoTorsion1024_202    0.003577               0.000914    0.095546
         FP_TopoTorsion1024_496    0.003562               0.000910    0.096456
           FP_Morgan1024_r2_454    0.003558               0.000909    0.097364
         FP_TopoTorsion1024_321    0.003551               0.000907    0.098271
             RDKit2D_fr_aniline    0.003542               0.000905    0.099176
            FP_Morgan1024_r2_30    0.003536               0.000903    0.100079
                FP_RDKit512_239    0.003530               0.000901    0.100981
            FP_AtomPair1024_617    0.003529               0.000901    0.101882
            FP_AtomPair1024_588    0.003526               0.000901    0.102783
                FP_RDKit512_345    0.003516               0.000898    0.103681
         RDKit2D_fr_aryl_methyl    0.003509               0.000896    0.104577
         FP_TopoTorsion1024_620    0.003492               0.000892    0.105469
       FP_MorganFeat1024_r2_762    0.003485               0.000890    0.106359
       FP_MorganFeat1024_r2_315    0.003447               0.000880    0.107240
            FP_AtomPair1024_776    0.003441               0.000879    0.108118
                FP_RDKit512_192    0.003436               0.000878    0.108996
           FP_Morgan1024_r2_855    0.003416               0.000872    0.109868
         FP_TopoTorsion1024_853    0.003391               0.000866    0.110735
                FP_RDKit512_416    0.003391               0.000866    0.111601
             FP_AtomPair1024_68    0.003390               0.000866    0.112467
            FP_AtomPair1024_972    0.003373               0.000862    0.113328
           FP_AtomPair1024_1021    0.003369               0.000861    0.114189
       FP_MorganFeat1024_r2_379    0.003368               0.000860    0.115049
           FP_Morgan1024_r2_202    0.003365               0.000860    0.115909
           FP_Morgan1024_r2_698    0.003361               0.000859    0.116767
         FP_TopoTorsion1024_512    0.003323               0.000849    0.117616
         FP_TopoTorsion1024_511    0.003316               0.000847    0.118463
                 FP_RDKit512_17    0.003309               0.000845    0.119308
            FP_AtomPair1024_768    0.003302               0.000843    0.120152
           FP_Morgan1024_r2_406    0.003293               0.000841    0.120993
               RDKit2D_fr_Ar_NH    0.003291               0.000841    0.121833
                 FP_RDKit512_78    0.003290               0.000840    0.122674
         FP_TopoTorsion1024_432    0.003268               0.000835    0.123508
                 FP_RDKit512_56    0.003268               0.000835    0.124343
                       AC2D_161    0.003258               0.000832    0.125175
                FP_RDKit512_311    0.003244               0.000828    0.126004
                FP_RDKit512_318    0.003237               0.000827    0.126830
            FP_AtomPair1024_926    0.003235               0.000826    0.127657
           FP_Morgan1024_r2_829    0.003235               0.000826    0.128483
           FP_Morgan1024_r2_828    0.003229               0.000825    0.129307
           FP_Morgan1024_r2_238    0.003219               0.000822    0.130130
             FP_AtomPair1024_48    0.003217               0.000822    0.130951
                 FP_RDKit512_48    0.003210               0.000820    0.131771
                    FP_MACCS_72    0.003203               0.000818    0.132589
                FP_RDKit512_407    0.003202               0.000818    0.133407
                   FP_MACCS_142    0.003196               0.000816    0.134223
                FP_RDKit512_422    0.003195               0.000816    0.135039
       FP_MorganFeat1024_r2_355    0.003184               0.000813    0.135852
       FP_MorganFeat1024_r2_454    0.003182               0.000813    0.136665
            FP_AtomPair1024_215    0.003179               0.000812    0.137477
                FP_RDKit512_257    0.003176               0.000811    0.138288
           FP_Morgan1024_r2_393    0.003156               0.000806    0.139094
                 FP_RDKit512_66    0.003155               0.000806    0.139900
            FP_AtomPair1024_916    0.003152               0.000805    0.140705
           FP_Morgan1024_r2_545    0.003148               0.000804    0.141509
                  Dock_Center_Z    0.003136               0.000801    0.142310
            FP_AtomPair1024_717    0.003117               0.000796    0.143106
       FP_MorganFeat1024_r2_216    0.003111               0.000795    0.143901
                FP_RDKit512_172    0.003105               0.000793    0.144694
                FP_RDKit512_443    0.003095               0.000790    0.145484
             FP_AtomPair1024_83    0.003083               0.000787    0.146272
         FP_TopoTorsion1024_272    0.003073               0.000785    0.147057
            FP_AtomPair1024_678    0.003071               0.000784    0.147841
                FP_RDKit512_283    0.003071               0.000784    0.148625
                FP_RDKit512_229    0.003069               0.000784    0.149409
            FP_AtomPair1024_286    0.003059               0.000781    0.150190
                FP_RDKit512_221    0.003057               0.000781    0.150971
                 FP_RDKit512_74    0.003057               0.000781    0.151752
           FP_Morgan1024_r2_875    0.003050               0.000779    0.152531
           FP_Morgan1024_r2_878    0.003043               0.000777    0.153308
          FP_TopoTorsion1024_96    0.003042               0.000777    0.154085
                FP_RDKit512_111    0.003034               0.000775    0.154860
           FP_Morgan1024_r2_389    0.003031               0.000774    0.155634
         FP_TopoTorsion1024_455    0.003023               0.000772    0.156407
                       AC2D_176    0.003021               0.000772    0.157178
             FP_Morgan1024_r2_4    0.003014               0.000770    0.157948
                 FP_RDKit512_37    0.003007               0.000768    0.158716
                        AC3D_75    0.003003               0.000767    0.159483
           FP_Morgan1024_r2_631    0.003002               0.000767    0.160250
         FP_TopoTorsion1024_673    0.002997               0.000765    0.161015
            FP_AtomPair1024_264    0.002994               0.000765    0.161780
            FP_AtomPair1024_641    0.002993               0.000764    0.162544
                         RDF_92    0.002987               0.000763    0.163307
                FP_RDKit512_475    0.002983               0.000762    0.164069
                FP_RDKit512_244    0.002981               0.000761    0.164831
            FP_AtomPair1024_594    0.002977               0.000760    0.165591
         FP_TopoTorsion1024_283    0.002975               0.000760    0.166351
                   FP_MACCS_124    0.002968               0.000758    0.167109
       FP_MorganFeat1024_r2_925    0.002967               0.000758    0.167867
            FP_AtomPair1024_132    0.002967               0.000758    0.168624
                     FP_MACCS_8    0.002965               0.000757    0.169382
                       AC2D_101    0.002956               0.000755    0.170137
                FP_RDKit512_493    0.002953               0.000754    0.170891
                FP_RDKit512_505    0.002946               0.000752    0.171643
            FP_AtomPair1024_256    0.002946               0.000752    0.172396
            FP_AtomPair1024_425    0.002941               0.000751    0.173147
         FP_TopoTorsion1024_345    0.002940               0.000751    0.173898
            FP_AtomPair1024_936    0.002936               0.000750    0.174648
            FP_AtomPair1024_985    0.002924               0.000747    0.175395
       FP_MorganFeat1024_r2_123    0.002923               0.000747    0.176141
           FP_Morgan1024_r2_998    0.002917               0.000745    0.176886
           FP_Morgan1024_r2_361    0.002910               0.000743    0.177630
                FP_RDKit512_382    0.002904               0.000742    0.178371
         FP_TopoTorsion1024_148    0.002898               0.000740    0.179112
            FP_AtomPair1024_893    0.002893               0.000739    0.179850
                        AC2D_49    0.002889               0.000738    0.180588
       FP_MorganFeat1024_r2_965    0.002884               0.000737    0.181325
           FP_Morgan1024_r2_448    0.002881               0.000736    0.182061
            FP_AtomPair1024_185    0.002878               0.000735    0.182796
         FP_TopoTorsion1024_288    0.002872               0.000734    0.183530
       FP_MorganFeat1024_r2_525    0.002871               0.000733    0.184263
                         RDF_20    0.002870               0.000733    0.184996
RDKit2D_NumAromaticHeterocycles    0.002866               0.000732    0.185728
           FP_Morgan1024_r2_340    0.002863               0.000731    0.186459
         FP_TopoTorsion1024_448    0.002859               0.000730    0.187189
                FP_RDKit512_100    0.002854               0.000729    0.187918
         FP_MorganFeat1024_r2_5    0.002848               0.000727    0.188646
         FP_TopoTorsion1024_944    0.002848               0.000727    0.189373
                FP_RDKit512_491    0.002845               0.000727    0.190100
                FP_RDKit512_141    0.002843               0.000726    0.190826
                       AC2D_158    0.002839               0.000725    0.191551
           FP_Morgan1024_r2_119    0.002827               0.000722    0.192273
         FP_TopoTorsion1024_300    0.002822               0.000721    0.192994
        Flex_Rotatable_Fraction    0.002813               0.000718    0.193712
           FP_Morgan1024_r2_174    0.002812               0.000718    0.194430
                FP_RDKit512_442    0.002804               0.000716    0.195147
                          RDF_2    0.002798               0.000715    0.195861
       FP_MorganFeat1024_r2_459    0.002797               0.000714    0.196576
           FP_Morgan1024_r2_484    0.002794               0.000713    0.197289
                FP_RDKit512_224    0.002790               0.000713    0.198002
            FP_AtomPair1024_969    0.002777               0.000709    0.198711
             FP_AtomPair1024_29    0.002770               0.000707    0.199419