Top Features Contributing to 20% of Performance
================================================================================
Model: SGD
Family: linear
Endpoint: pIC50
Species: all_SP
Total Features: 2146
Top Features Count: 119
Cumulative Importance: 0.1995
================================================================================

                   feature  importance  importance_normalized  cumulative
                   RDF_177    0.461567               0.010131    0.010131
                   RDF_176    0.396130               0.008695    0.018827
                   RDF_175    0.318914               0.007000    0.025827
                    RDF_26    0.154449               0.003390    0.029217
                   3D_PMI1    0.138495               0.003040    0.032257
          RDKit2D_SMR_VSA9    0.129123               0.002834    0.035091
                    RDF_57    0.116629               0.002560    0.037651
                   AC3D_66    0.110402               0.002423    0.040075
         RDKit2D_PEOE_VSA4    0.099860               0.002192    0.042267
               RDKit2D_SPS    0.099263               0.002179    0.044445
       RDKit2D_BCUT2D_MWHI    0.097900               0.002149    0.046594
       RDKit2D_VSA_EState6    0.097041               0.002130    0.048724
      FP_Morgan1024_r2_828    0.091550               0.002010    0.050734
           FP_RDKit512_175    0.090955               0.001996    0.052730
 RDKit2D_MaxAbsEStateIndex    0.090728               0.001991    0.054722
      FP_Morgan1024_r2_725    0.089969               0.001975    0.056697
                    RDF_27    0.089784               0.001971    0.058667
      FP_Morgan1024_r2_667    0.088646               0.001946    0.060613
       FP_AtomPair1024_450    0.087649               0.001924    0.062537
           FP_RDKit512_164    0.084021               0.001844    0.064381
       RDKit2D_BCUT2D_MRHI    0.080448               0.001766    0.066147
       FP_AtomPair1024_886    0.077785               0.001707    0.067855
        FP_AtomPair1024_71    0.077474               0.001701    0.069555
            FP_RDKit512_56    0.077337               0.001698    0.071253
    FP_TopoTorsion1024_637    0.077043               0.001691    0.072944
           FP_RDKit512_428    0.076515               0.001680    0.074623
           FP_RDKit512_233    0.074179               0.001628    0.076252
                   AC3D_67    0.074087               0.001626    0.077878
            FP_RDKit512_53    0.073131               0.001605    0.079483
                   RDF_147    0.072619               0.001594    0.081077
      FP_Morgan1024_r2_618    0.072351               0.001588    0.082665
      FP_Morgan1024_r2_114    0.071609               0.001572    0.084237
             Sol_ESOL_LogS    0.071437               0.001568    0.085805
    FP_TopoTorsion1024_356    0.070687               0.001552    0.087357
               FP_MACCS_74    0.070589               0.001549    0.088906
           FP_RDKit512_111    0.070574               0.001549    0.090455
  FP_MorganFeat1024_r2_442    0.070170               0.001540    0.091996
       FP_AtomPair1024_579    0.070066               0.001538    0.093533
    FP_TopoTorsion1024_337    0.069684               0.001530    0.095063
           FP_RDKit512_492    0.069001               0.001515    0.096578
           FP_RDKit512_317    0.068957               0.001514    0.098091
           FP_RDKit512_133    0.068811               0.001510    0.099602
    FP_TopoTorsion1024_379    0.068616               0.001506    0.101108
                    AC3D_3    0.067992               0.001492    0.102600
               FP_MACCS_99    0.067983               0.001492    0.104092
       FP_AtomPair1024_888    0.067686               0.001486    0.105578
       FP_AtomPair1024_339    0.067525               0.001482    0.107060
       FP_AtomPair1024_692    0.067313               0.001478    0.108538
        FP_AtomPair1024_70    0.067135               0.001474    0.110012
       FP_AtomPair1024_795    0.067062               0.001472    0.111484
       FP_AtomPair1024_215    0.066880               0.001468    0.112952
      FP_Morgan1024_r2_996    0.066161               0.001452    0.114404
       FP_AtomPair1024_969    0.066080               0.001450    0.115854
  FP_MorganFeat1024_r2_857    0.065983               0.001448    0.117303
        FP_AtomPair1024_54    0.065680               0.001442    0.118744
            FP_RDKit512_52    0.065578               0.001439    0.120184
       FP_AtomPair1024_242    0.065521               0.001438    0.121622
    FP_TopoTorsion1024_290    0.065411               0.001436    0.123058
                   AC3D_61    0.065408               0.001436    0.124493
          RDKit2D_BalabanJ    0.065317               0.001434    0.125927
           FP_RDKit512_378    0.065204               0.001431    0.127358
           FP_RDKit512_419    0.064869               0.001424    0.128782
              FP_MACCS_104    0.064600               0.001418    0.130200
    FP_TopoTorsion1024_664    0.061886               0.001358    0.131559
       RDKit2D_VSA_EState8    0.061812               0.001357    0.132915
        FP_AtomPair1024_19    0.061602               0.001352    0.134268
           FP_RDKit512_169    0.061279               0.001345    0.135613
      FP_Morgan1024_r2_706    0.060619               0.001331    0.136943
           FP_RDKit512_368    0.060454               0.001327    0.138270
           FP_RDKit512_414    0.060065               0.001318    0.139589
           FP_RDKit512_286    0.059966               0.001316    0.140905
      FP_Morgan1024_r2_343    0.059941               0.001316    0.142221
           FP_RDKit512_491    0.059234               0.001300    0.143521
                  AC2D_146    0.059158               0.001299    0.144819
      FP_Morgan1024_r2_816    0.059100               0.001297    0.146117
    FP_TopoTorsion1024_644    0.058410               0.001282    0.147399
   RDKit2D_fr_allylic_oxid    0.058153               0.001276    0.148675
       FP_AtomPair1024_686    0.058113               0.001276    0.149951
           FP_RDKit512_421    0.058112               0.001276    0.151226
            FP_RDKit512_21    0.057952               0.001272    0.152498
       FP_AtomPair1024_365    0.057916               0.001271    0.153770
       FP_AtomPair1024_369    0.057874               0.001270    0.155040
  FP_MorganFeat1024_r2_891    0.057627               0.001265    0.156305
          RDKit2D_SMR_VSA2    0.057476               0.001262    0.157567
      FP_Morgan1024_r2_101    0.057145               0.001254    0.158821
            FP_RDKit512_87    0.057121               0.001254    0.160075
  FP_MorganFeat1024_r2_598    0.057069               0.001253    0.161327
                   RDF_118    0.056957               0.001250    0.162578
       FP_Morgan1024_r2_29    0.056759               0.001246    0.163824
       FP_AtomPair1024_816    0.056680               0.001244    0.165068
           FP_RDKit512_236    0.056210               0.001234    0.166301
       FP_AtomPair1024_619    0.055631               0.001221    0.167523
        FP_AtomPair1024_91    0.055589               0.001220    0.168743
       FP_AtomPair1024_292    0.055521               0.001219    0.169961
       FP_AtomPair1024_793    0.055408               0.001216    0.171178
       FP_AtomPair1024_633    0.055068               0.001209    0.172386
                    RDF_28    0.055066               0.001209    0.173595
      FP_Morgan1024_r2_759    0.054990               0.001207    0.174802
      RDKit2D_EState_VSA10    0.054873               0.001204    0.176007
       FP_AtomPair1024_916    0.054811               0.001203    0.177210
           FP_RDKit512_118    0.054768               0.001202    0.178412
       FP_Morgan1024_r2_64    0.054622               0.001199    0.179611
Flex_Accessible_Conformers    0.054444               0.001195    0.180806
      FP_Morgan1024_r2_730    0.054328               0.001193    0.181998
       FP_AtomPair1024_956    0.054246               0.001191    0.183189
           FP_RDKit512_245    0.053843               0.001182    0.184371
       FP_Morgan1024_r2_94    0.053583               0.001176    0.185547
    FP_TopoTorsion1024_652    0.053545               0.001175    0.186723
           FP_RDKit512_241    0.053296               0.001170    0.187892
       FP_AtomPair1024_380    0.053267               0.001169    0.189062
                   RDF_148    0.053149               0.001167    0.190228
     FP_Morgan1024_r2_1007    0.053104               0.001166    0.191394
           FP_RDKit512_238    0.053067               0.001165    0.192559
       FP_AtomPair1024_575    0.052974               0.001163    0.193721
              FP_MACCS_159    0.052797               0.001159    0.194880
           FP_RDKit512_509    0.052496               0.001152    0.196033
            FP_RDKit512_19    0.052400               0.001150    0.197183
            RDKit2D_AvgIpc    0.052262               0.001147    0.198330
           FP_RDKit512_149    0.052074               0.001143    0.199473