Top Features Contributing to 20% of Performance
================================================================================
Model: MLP_Tanh
Family: nn
Endpoint: pEC50
Species: mus_musculus
Total Features: 2647
Top Features Count: 188
Cumulative Importance: 0.2000
================================================================================

                    feature  importance  importance_normalized  cumulative
       FP_Morgan1024_r2_744    0.004709               0.002859    0.002859
                GETAWAY_199    0.003269               0.001985    0.004844
        FP_AtomPair1024_811    0.002893               0.001756    0.006601
             FP_RDKit512_98    0.002867               0.001741    0.008342
       FP_AtomPair1024_1012    0.002674               0.001623    0.009965
              FP_RDKit512_3    0.002590               0.001573    0.011538
                  MORSE_213    0.002479               0.001505    0.013043
         FP_AtomPair1024_84    0.002469               0.001499    0.014542
       RDKit2D_BCUT2D_CHGLO    0.002391               0.001452    0.015994
        FP_AtomPair1024_725    0.002381               0.001445    0.017440
        FP_AtomPair1024_556    0.002245               0.001363    0.018803
                GETAWAY_196    0.002217               0.001346    0.020149
             FP_RDKit512_20    0.002213               0.001344    0.021493
     FP_TopoTorsion1024_596    0.002181               0.001324    0.022817
        FP_AtomPair1024_497    0.002165               0.001314    0.024131
        FP_AtomPair1024_150    0.002157               0.001310    0.025441
     FP_TopoTorsion1024_408    0.002136               0.001297    0.026738
         FP_Morgan1024_r2_2    0.002123               0.001289    0.028027
        FP_AtomPair1024_129    0.002120               0.001287    0.029315
       FP_Morgan1024_r2_138    0.002109               0.001281    0.030595
        FP_AtomPair1024_799    0.002107               0.001279    0.031874
                  MORSE_184    0.002093               0.001271    0.033145
                     RDF_13    0.002092               0.001270    0.034416
        FP_AtomPair1024_248    0.002084               0.001265    0.035681
          RDKit2D_PEOE_VSA5    0.002051               0.001245    0.036926
                 GETAWAY_27    0.002047               0.001243    0.038169
       FP_Morgan1024_r2_165    0.002047               0.001243    0.039412
            FP_RDKit512_369    0.002042               0.001240    0.040652
                GETAWAY_127    0.002038               0.001237    0.041889
   FP_MorganFeat1024_r2_566    0.002008               0.001219    0.043108
                     RDF_73    0.001995               0.001211    0.044319
                  MORSE_120    0.001993               0.001210    0.045529
        FP_AtomPair1024_567    0.001991               0.001209    0.046738
              FP_RDKit512_8    0.001984               0.001205    0.047943
                   MORSE_53    0.001984               0.001204    0.049147
        FP_AtomPair1024_613    0.001977               0.001200    0.050348
        FP_AtomPair1024_560    0.001973               0.001198    0.051545
         RDKit2D_fr_sulfide    0.001972               0.001197    0.052743
       FP_Morgan1024_r2_610    0.001951               0.001185    0.053928
        FP_AtomPair1024_954    0.001948               0.001183    0.055111
  RDKit2D_fr_Ndealkylation2    0.001947               0.001182    0.056292
        FP_AtomPair1024_675    0.001926               0.001169    0.057462
        FP_AtomPair1024_901    0.001923               0.001168    0.058629
        FP_AtomPair1024_576    0.001917               0.001164    0.059793
        FP_Morgan1024_r2_73    0.001915               0.001163    0.060955
            FP_RDKit512_381    0.001909               0.001159    0.062115
       FP_Morgan1024_r2_946    0.001889               0.001147    0.063262
                    RDF_171    0.001883               0.001144    0.064405
       FP_Morgan1024_r2_174    0.001874               0.001138    0.065543
       FP_Morgan1024_r2_338    0.001869               0.001135    0.066678
 Liability_Veber_Violations    0.001862               0.001131    0.067809
            FP_RDKit512_493    0.001860               0.001129    0.068938
            FP_RDKit512_171    0.001858               0.001128    0.070066
             FP_RDKit512_64    0.001844               0.001120    0.071186
             FP_RDKit512_49    0.001844               0.001120    0.072306
                    RDF_198    0.001840               0.001117    0.073423
                     RDF_34    0.001822               0.001106    0.074529
        FP_AtomPair1024_937    0.001818               0.001104    0.075633
                GETAWAY_235    0.001809               0.001099    0.076731
             FP_RDKit512_57    0.001800               0.001093    0.077824
                     RDF_97    0.001798               0.001092    0.078916
                  MORSE_159    0.001787               0.001085    0.080001
                   MORSE_32    0.001781               0.001081    0.081083
   FP_MorganFeat1024_r2_579    0.001780               0.001081    0.082164
        FP_AtomPair1024_449    0.001778               0.001080    0.083243
                   MORSE_95    0.001776               0.001078    0.084322
                    AC3D_62    0.001773               0.001076    0.085398
                GETAWAY_163    0.001769               0.001074    0.086472
          Pharm2D_Gobbi_195    0.001768               0.001074    0.087546
                    WHIM_41    0.001758               0.001067    0.088613
      RDKit2D_BCUT2D_LOGPHI    0.001742               0.001058    0.089671
            FP_RDKit512_157    0.001738               0.001055    0.090726
        FP_AtomPair1024_636    0.001737               0.001055    0.091780
        FP_AtomPair1024_910    0.001731               0.001051    0.092831
                    RDF_201    0.001724               0.001047    0.093878
                  MORSE_204    0.001712               0.001039    0.094918
   FP_MorganFeat1024_r2_381    0.001711               0.001039    0.095956
             FP_RDKit512_72    0.001711               0.001039    0.096995
        RDKit2D_SlogP_VSA10    0.001711               0.001039    0.098034
                 GETAWAY_26    0.001710               0.001038    0.099072
        FP_AtomPair1024_425    0.001703               0.001034    0.100106
                     RDF_43    0.001702               0.001033    0.101140
        FP_AtomPair1024_617    0.001699               0.001032    0.102171
                GETAWAY_113    0.001691               0.001027    0.103198
          Pharm2D_Gobbi_132    0.001691               0.001027    0.104225
                    RDF_122    0.001690               0.001026    0.105251
     RDKit2D_HeavyAtomMolWt    0.001687               0.001024    0.106275
                  MORSE_160    0.001684               0.001022    0.107298
           RDKit2D_SMR_VSA5    0.001683               0.001022    0.108320
                     RDF_67    0.001667               0.001012    0.109332
       FP_Morgan1024_r2_929    0.001666               0.001012    0.110344
                   AC2D_144    0.001656               0.001006    0.111350
                GETAWAY_169    0.001651               0.001002    0.112352
             FP_RDKit512_26    0.001649               0.001001    0.113353
         RDKit2D_PEOE_VSA10    0.001648               0.001001    0.114354
                    AC2D_62    0.001647               0.001000    0.115354
              RDKit2D_Chi3v    0.001646               0.000999    0.116353
        FP_AtomPair1024_305    0.001638               0.000995    0.117348
                    AC3D_75    0.001637               0.000994    0.118342
       FP_Morgan1024_r2_351    0.001626               0.000987    0.119329
       FP_Morgan1024_r2_255    0.001623               0.000985    0.120315
                GETAWAY_198    0.001618               0.000982    0.121297
         RDKit2D_fr_halogen    0.001617               0.000982    0.122279
RDKit2D_NumValenceElectrons    0.001612               0.000979    0.123258
                 GETAWAY_62    0.001608               0.000976    0.124234
                  MORSE_138    0.001606               0.000975    0.125209
                    WHIM_62    0.001605               0.000975    0.126184
            FP_RDKit512_496    0.001601               0.000972    0.127156
     FP_TopoTorsion1024_424    0.001600               0.000971    0.128127
        FP_AtomPair1024_917    0.001599               0.000971    0.129098
                    RDF_156    0.001597               0.000970    0.130068
                FP_MACCS_89    0.001597               0.000970    0.131037
                    RDF_186    0.001595               0.000969    0.132006
       RDKit2D_BCUT2D_CHGHI    0.001590               0.000966    0.132971
     FP_TopoTorsion1024_280    0.001582               0.000961    0.133932
        FP_AtomPair1024_896    0.001581               0.000960    0.134891
                    AC3D_24    0.001574               0.000956    0.135847
       FP_Morgan1024_r2_914    0.001574               0.000956    0.136803
                GETAWAY_151    0.001570               0.000953    0.137756
       FP_Morgan1024_r2_314    0.001569               0.000952    0.138709
         FP_AtomPair1024_63    0.001567               0.000951    0.139660
                    AC2D_51    0.001559               0.000946    0.140606
                   MORSE_88    0.001557               0.000945    0.141551
            FP_RDKit512_351    0.001556               0.000945    0.142496
        FP_AtomPair1024_400    0.001554               0.000944    0.143440
         FP_AtomPair1024_94    0.001549               0.000941    0.144380
            FP_RDKit512_272    0.001546               0.000938    0.145319
                    WHIM_35    0.001540               0.000935    0.146254
     FP_TopoTorsion1024_816    0.001540               0.000935    0.147189
          Pharm2D_Gobbi_131    0.001539               0.000935    0.148123
                    AC2D_67    0.001539               0.000934    0.149058
        FP_Morgan1024_r2_42    0.001531               0.000930    0.149987
  RDKit2D_MinAbsEStateIndex    0.001530               0.000929    0.150917
       FP_Morgan1024_r2_664    0.001525               0.000926    0.151842
            FP_RDKit512_241    0.001521               0.000924    0.152766
       FP_Morgan1024_r2_323    0.001521               0.000923    0.153690
     FP_TopoTorsion1024_520    0.001520               0.000923    0.154613
            FP_RDKit512_155    0.001518               0.000922    0.155535
       FP_Morgan1024_r2_698    0.001517               0.000921    0.156456
             RDKit2D_fr_NH0    0.001517               0.000921    0.157377
                GETAWAY_270    0.001515               0.000920    0.158297
                     AC2D_3    0.001511               0.000918    0.159215
        FP_AtomPair1024_904    0.001511               0.000917    0.160132
                GETAWAY_173    0.001506               0.000915    0.161046
   FP_MorganFeat1024_r2_825    0.001499               0.000910    0.161957
             RDKit2D_Kappa1    0.001498               0.000910    0.162866
          FP_AtomPair1024_8    0.001498               0.000910    0.163776
               FP_MACCS_131    0.001494               0.000907    0.164683
        FP_AtomPair1024_712    0.001494               0.000907    0.165590
            FP_RDKit512_170    0.001486               0.000902    0.166492
            FP_RDKit512_407    0.001485               0.000901    0.167394
                    AC3D_15    0.001484               0.000901    0.168295
            FP_RDKit512_277    0.001482               0.000900    0.169194
                    RDF_104    0.001482               0.000900    0.170094
        FP_AtomPair1024_698    0.001480               0.000898    0.170992
                   MORSE_37    0.001480               0.000898    0.171891
                   AC2D_165    0.001479               0.000898    0.172789
                   AC2D_134    0.001477               0.000897    0.173686
                     AC3D_6    0.001477               0.000897    0.174582
            FP_RDKit512_480    0.001474               0.000895    0.175477
        FP_AtomPair1024_385    0.001470               0.000893    0.176370
            FP_RDKit512_377    0.001470               0.000892    0.177262
                    RDF_202    0.001469               0.000892    0.178154
        FP_AtomPair1024_632    0.001465               0.000889    0.179043
                  MORSE_181    0.001464               0.000889    0.179932
        FP_AtomPair1024_641    0.001463               0.000888    0.180820
       Phys_Count_Pos_Atoms    0.001461               0.000887    0.181707
                  MORSE_180    0.001455               0.000884    0.182591
                      RDF_2    0.001452               0.000882    0.183472
             FP_RDKit512_32    0.001450               0.000880    0.184352
        FP_AtomPair1024_587    0.001449               0.000880    0.185232
                     AC3D_7    0.001449               0.000880    0.186112
                GETAWAY_237    0.001448               0.000879    0.186992
         FP_Morgan1024_r2_0    0.001442               0.000876    0.187867
         FP_AtomPair1024_52    0.001441               0.000875    0.188742
        FP_AtomPair1024_353    0.001440               0.000874    0.189616
        FP_AtomPair1024_957    0.001438               0.000873    0.190490
                    AC2D_17    0.001436               0.000872    0.191361
                  MORSE_200    0.001429               0.000867    0.192229
            FP_RDKit512_300    0.001425               0.000865    0.193094
        FP_AtomPair1024_120    0.001422               0.000863    0.193957
       Dock_RotBond_Penalty    0.001420               0.000862    0.194820
        FP_AtomPair1024_584    0.001420               0.000862    0.195682
       RDKit2D_BCUT2D_MWLOW    0.001416               0.000860    0.196542
            FP_RDKit512_400    0.001415               0.000859    0.197401
                  MORSE_199    0.001413               0.000858    0.198259
                     WHIM_8    0.001409               0.000856    0.199115
                   AC2D_118    0.001408               0.000855    0.199970