Top Features Contributing to 20% of Performance
================================================================================
Model: MLP_Medium
Family: nn
Endpoint: pEC50
Species: mus_musculus
Total Features: 2647
Top Features Count: 179
Cumulative Importance: 0.1997
================================================================================

                 feature  importance  importance_normalized  cumulative
         FP_RDKit512_273    0.013109               0.002039    0.002039
    RDKit2D_fr_piperdine    0.011731               0.001825    0.003864
         FP_RDKit512_480    0.010502               0.001633    0.005497
                  RDF_51    0.010493               0.001632    0.007129
                 AC2D_26    0.010112               0.001573    0.008702
             FP_MACCS_95    0.010022               0.001559    0.010261
  RDKit2D_HeavyAtomCount    0.009975               0.001551    0.011812
       Pharm2D_Gobbi_164    0.009923               0.001543    0.013355
                 RDF_187    0.009703               0.001509    0.014865
                 AC3D_62    0.009669               0.001504    0.016368
      RDKit2D_SlogP_VSA3    0.009661               0.001503    0.017871
  FP_TopoTorsion1024_849    0.009000               0.001400    0.019271
                 AC3D_75    0.008936               0.001390    0.020661
             EState_Mean    0.008794               0.001368    0.022028
      FP_AtomPair1024_94    0.008728               0.001358    0.023386
                 AC2D_91    0.008708               0.001354    0.024740
               MORSE_191    0.008708               0.001354    0.026095
  FP_TopoTorsion1024_557    0.008705               0.001354    0.027449
             GETAWAY_100    0.008655               0.001346    0.028795
     FP_AtomPair1024_203    0.008610               0.001339    0.030134
     FP_AtomPair1024_286    0.008550               0.001330    0.031464
     FP_Morgan1024_r2_62    0.008519               0.001325    0.032789
                WHIM_112    0.008425               0.001310    0.034099
     FP_AtomPair1024_580    0.008389               0.001305    0.035404
     FP_AtomPair1024_652    0.008371               0.001302    0.036706
        RDKit2D_fr_Ar_NH    0.008357               0.001300    0.038006
         FP_RDKit512_467    0.008350               0.001299    0.039304
     FP_AtomPair1024_711    0.008325               0.001295    0.040599
                 AC2D_73    0.008285               0.001289    0.041888
              GETAWAY_84    0.008233               0.001281    0.043168
                 AC2D_12    0.008177               0.001272    0.044440
         FP_RDKit512_165    0.008169               0.001271    0.045711
     FP_AtomPair1024_792    0.008091               0.001258    0.046969
      FP_AtomPair1024_77    0.008078               0.001256    0.048226
                 AC3D_44    0.008013               0.001246    0.049472
               MORSE_115    0.008007               0.001245    0.050717
      RDKit2D_ExactMolWt    0.008007               0.001245    0.051963
     FP_AtomPair1024_293    0.007959               0.001238    0.053201
      FP_AtomPair1024_20    0.007950               0.001236    0.054437
              GETAWAY_78    0.007948               0.001236    0.055673
     FP_AtomPair1024_660    0.007918               0.001231    0.056905
        Pharm2D_Gobbi_69    0.007881               0.001226    0.058130
                  WHIM_5    0.007872               0.001224    0.059355
FP_MorganFeat1024_r2_365    0.007820               0.001216    0.060571
            FP_MACCS_128    0.007818               0.001216    0.061787
             FP_MACCS_91    0.007808               0.001214    0.063001
     FP_AtomPair1024_847    0.007737               0.001203    0.064205
                 RDF_171    0.007692               0.001196    0.065401
          FP_RDKit512_58    0.007676               0.001194    0.066595
FP_MorganFeat1024_r2_914    0.007662               0.001192    0.067787
                AC2D_121    0.007618               0.001185    0.068971
     FP_AtomPair1024_782    0.007597               0.001182    0.070153
               MORSE_208    0.007549               0.001174    0.071327
               MORSE_159    0.007534               0.001172    0.072499
                 AC2D_77    0.007520               0.001170    0.073669
             GETAWAY_265    0.007513               0.001168    0.074837
    FP_Morgan1024_r2_855    0.007505               0.001167    0.076004
FP_MorganFeat1024_r2_286    0.007496               0.001166    0.077170
     FP_AtomPair1024_436    0.007489               0.001165    0.078335
             GETAWAY_153    0.007473               0.001162    0.079497
     FP_AtomPair1024_849    0.007449               0.001159    0.080656
             GETAWAY_178    0.007383               0.001148    0.081804
         FP_RDKit512_233    0.007367               0.001146    0.082950
                 AC2D_44    0.007339               0.001141    0.084091
     FP_AtomPair1024_493    0.007301               0.001136    0.085227
              GETAWAY_48    0.007294               0.001134    0.086361
     FP_AtomPair1024_713    0.007268               0.001130    0.087492
                  RDF_59    0.007263               0.001130    0.088621
          FP_RDKit512_76    0.007208               0.001121    0.089742
                  RDF_22    0.007204               0.001121    0.090863
              GETAWAY_83    0.007203               0.001120    0.091983
                 RDF_172    0.007185               0.001118    0.093101
       RDKit2D_LabuteASA    0.007133               0.001109    0.094210
             GETAWAY_138    0.007127               0.001108    0.095319
             GETAWAY_252    0.007090               0.001103    0.096421
              GETAWAY_63    0.007082               0.001102    0.097523
     FP_AtomPair1024_418    0.007069               0.001099    0.098623
      FP_Morgan1024_r2_4    0.007057               0.001098    0.099720
                  RDF_21    0.007022               0.001092    0.100812
     FP_AtomPair1024_509    0.006999               0.001089    0.101901
             GETAWAY_128    0.006998               0.001088    0.102989
         FP_RDKit512_226    0.006986               0.001087    0.104076
  FP_TopoTorsion1024_244    0.006972               0.001084    0.105160
                 AC2D_66    0.006970               0.001084    0.106244
     FP_AtomPair1024_869    0.006941               0.001080    0.107324
                 AC2D_90    0.006931               0.001078    0.108402
                 WHIM_81    0.006909               0.001075    0.109476
               MORSE_107    0.006905               0.001074    0.110550
   RDKit2D_NumHAcceptors    0.006904               0.001074    0.111624
     FP_AtomPair1024_527    0.006880               0.001070    0.112694
     FP_AtomPair1024_328    0.006872               0.001069    0.113763
             GETAWAY_257    0.006855               0.001066    0.114829
                AC2D_188    0.006814               0.001060    0.115889
         FP_RDKit512_263    0.006811               0.001059    0.116948
              GETAWAY_97    0.006779               0.001054    0.118003
                AC2D_101    0.006773               0.001053    0.119056
                 AC2D_63    0.006768               0.001053    0.120109
                 WHIM_68    0.006741               0.001048    0.121157
     FP_AtomPair1024_567    0.006737               0.001048    0.122205
                 AC3D_43    0.006736               0.001048    0.123253
                MORSE_34    0.006729               0.001047    0.124299
           Phys_ESP_Mean    0.006720               0.001045    0.125345
          FP_RDKit512_87    0.006713               0.001044    0.126389
     FP_AtomPair1024_234    0.006674               0.001038    0.127427
                  AC2D_2    0.006649               0.001034    0.128461
                 AC2D_53    0.006646               0.001034    0.129494
                MORSE_95    0.006643               0.001033    0.130528
                MORSE_63    0.006625               0.001030    0.131558
     FP_AtomPair1024_512    0.006599               0.001026    0.132584
       RDKit2D_PEOE_VSA9    0.006557               0.001020    0.133604
                 RDF_189    0.006552               0.001019    0.134623
    FP_Morgan1024_r2_549    0.006549               0.001019    0.135642
         FP_RDKit512_220    0.006529               0.001015    0.136657
                AC2D_120    0.006526               0.001015    0.137672
         FP_RDKit512_364    0.006502               0.001011    0.138684
                 AC2D_20    0.006493               0.001010    0.139694
               GETAWAY_0    0.006468               0.001006    0.140700
     RDKit2D_VSA_EState3    0.006464               0.001005    0.141705
      FP_AtomPair1024_93    0.006463               0.001005    0.142710
         FP_RDKit512_431    0.006461               0.001005    0.143715
     FP_AtomPair1024_902    0.006445               0.001002    0.144718
                AC2D_187    0.006436               0.001001    0.145719
                MORSE_41    0.006431               0.001000    0.146719
    FP_Morgan1024_r2_325    0.006400               0.000995    0.147714
     FP_AtomPair1024_477    0.006391               0.000994    0.148708
          FP_RDKit512_26    0.006391               0.000994    0.149702
             GETAWAY_259    0.006386               0.000993    0.150696
                 AC2D_97    0.006367               0.000990    0.151686
                 AC3D_13    0.006355               0.000988    0.152674
     FP_AtomPair1024_621    0.006333               0.000985    0.153659
             FP_MACCS_79    0.006329               0.000984    0.154644
                 WHIM_29    0.006326               0.000984    0.155628
               GETAWAY_2    0.006226               0.000968    0.156596
                 AC3D_54    0.006221               0.000968    0.157564
         FP_RDKit512_241    0.006216               0.000967    0.158530
     FP_AtomPair1024_242    0.006208               0.000966    0.159496
      FP_AtomPair1024_23    0.006203               0.000965    0.160461
              GETAWAY_61    0.006199               0.000964    0.161425
                 AC3D_45    0.006191               0.000963    0.162388
      FP_AtomPair1024_92    0.006188               0.000963    0.163350
     FP_AtomPair1024_372    0.006173               0.000960    0.164310
             USR_fct_Var    0.006150               0.000957    0.165267
               MORSE_212    0.006138               0.000955    0.166222
    FP_Morgan1024_r2_206    0.006134               0.000954    0.167176
         FP_RDKit512_457    0.006094               0.000948    0.168123
                MORSE_80    0.006086               0.000947    0.169070
     FP_Morgan1024_r2_43    0.006079               0.000945    0.170015
                AC2D_125    0.006067               0.000944    0.170959
               MORSE_168    0.006063               0.000943    0.171902
          FP_RDKit512_15    0.006057               0.000942    0.172844
               MORSE_209    0.006054               0.000942    0.173786
                 AC3D_50    0.006051               0.000941    0.174727
        RDKit2D_SMR_VSA5    0.006049               0.000941    0.175668
     FP_AtomPair1024_853    0.006041               0.000940    0.176607
                 AC3D_18    0.006033               0.000938    0.177546
               MORSE_219    0.006032               0.000938    0.178484
          RDKit2D_fr_NH1    0.006031               0.000938    0.179422
    FP_Morgan1024_r2_659    0.006030               0.000938    0.180360
     FP_AtomPair1024_373    0.006028               0.000938    0.181297
             GETAWAY_219    0.006009               0.000935    0.182232
                 AC2D_48    0.006007               0.000934    0.183166
               MORSE_199    0.005996               0.000933    0.184099
     FP_AtomPair1024_806    0.005991               0.000932    0.185031
              EState_Sum    0.005985               0.000931    0.185961
                 AC3D_74    0.005974               0.000929    0.186891
     FP_AtomPair1024_172    0.005973               0.000929    0.187820
     FP_AtomPair1024_112    0.005972               0.000929    0.188749
         FP_RDKit512_478    0.005964               0.000928    0.189676
                  RDF_35    0.005949               0.000925    0.190601
                AC2D_135    0.005916               0.000920    0.191522
                AC2D_156    0.005886               0.000915    0.192437
     FP_Morgan1024_r2_94    0.005882               0.000915    0.193352
                 AC2D_86    0.005874               0.000914    0.194266
    FP_Morgan1024_r2_389    0.005874               0.000914    0.195179
         FP_RDKit512_221    0.005866               0.000912    0.196091
      FP_AtomPair1024_33    0.005861               0.000912    0.197003
               MORSE_198    0.005856               0.000911    0.197914
              GETAWAY_75    0.005830               0.000907    0.198821
                AC2D_105    0.005817               0.000905    0.199725