Top Features Contributing to 20% of Performance
================================================================================
Model: MLP_Small
Family: nn
Endpoint: pEC50
Species: mus_musculus
Total Features: 2647
Top Features Count: 168
Cumulative Importance: 0.1998
================================================================================

                 feature  importance  importance_normalized  cumulative
    FP_Morgan1024_r2_275    0.016641               0.002547    0.002547
     RDKit2D_VSA_EState3    0.016029               0.002453    0.005000
               MORSE_212    0.015884               0.002431    0.007430
                 RDF_100    0.013785               0.002110    0.009540
     FP_AtomPair1024_501    0.012947               0.001981    0.011521
     FP_AtomPair1024_641    0.012728               0.001948    0.013469
                AC2D_188    0.012717               0.001946    0.015415
             FP_MACCS_99    0.012463               0.001907    0.017322
             FP_MACCS_62    0.012428               0.001902    0.019224
     FP_AtomPair1024_932    0.011813               0.001808    0.021032
            FP_MACCS_106    0.011228               0.001718    0.022750
             FP_MACCS_19    0.011133               0.001704    0.024454
     FP_AtomPair1024_873    0.011042               0.001690    0.026144
     FP_AtomPair1024_505    0.010966               0.001678    0.027822
     FP_AtomPair1024_385    0.010938               0.001674    0.029496
                 RDF_118    0.010914               0.001670    0.031166
       Pharm2D_Gobbi_149    0.010541               0.001613    0.032779
       Pharm2D_Gobbi_126    0.010277               0.001573    0.034352
                 AC2D_35    0.010237               0.001567    0.035918
    FP_Morgan1024_r2_336    0.010192               0.001560    0.037478
RDKit2D_FpDensityMorgan3    0.010089               0.001544    0.039022
         FP_RDKit512_469    0.009891               0.001514    0.040536
       RDKit2D_PEOE_VSA8    0.009569               0.001464    0.042000
                MORSE_24    0.009546               0.001461    0.043461
                 AC3D_24    0.009508               0.001455    0.044916
                AC2D_125    0.009410               0.001440    0.046356
         FP_RDKit512_323    0.009266               0.001418    0.047774
              GETAWAY_63    0.009140               0.001399    0.049173
      RDKit2D_SlogP_VSA2    0.009136               0.001398    0.050571
          FP_RDKit512_37    0.009001               0.001377    0.051948
FP_MorganFeat1024_r2_121    0.008779               0.001343    0.053292
     FP_AtomPair1024_726    0.008680               0.001328    0.054620
         FP_RDKit512_193    0.008663               0.001326    0.055946
               MORSE_192    0.008656               0.001325    0.057270
                 AC2D_34    0.008586               0.001314    0.058584
    FP_Morgan1024_r2_323    0.008500               0.001301    0.059885
               MORSE_219    0.008365               0.001280    0.061165
                 RDF_152    0.008227               0.001259    0.062424
          RDKit2D_fr_COO    0.008217               0.001257    0.063682
      RDKit2D_SlogP_VSA4    0.008182               0.001252    0.064934
         FP_RDKit512_114    0.008092               0.001238    0.066172
         FP_RDKit512_368    0.008074               0.001236    0.067408
                MORSE_93    0.008014               0.001226    0.068634
                AC2D_175    0.007959               0.001218    0.069852
  FP_TopoTorsion1024_321    0.007909               0.001210    0.071062
    FP_Morgan1024_r2_150    0.007902               0.001209    0.072272
               MORSE_171    0.007894               0.001208    0.073480
                 AC3D_43    0.007866               0.001204    0.074684
         FP_RDKit512_163    0.007850               0.001201    0.075885
     FP_AtomPair1024_813    0.007832               0.001199    0.077083
             GETAWAY_177    0.007812               0.001196    0.078279
     FP_AtomPair1024_126    0.007751               0.001186    0.079465
    FP_Morgan1024_r2_831    0.007722               0.001182    0.080647
             GETAWAY_251    0.007711               0.001180    0.081827
FP_MorganFeat1024_r2_857    0.007688               0.001176    0.083003
               MORSE_116    0.007669               0.001174    0.084177
     FP_Morgan1024_r2_55    0.007646               0.001170    0.085347
                 AC2D_86    0.007625               0.001167    0.086514
     FP_AtomPair1024_842    0.007624               0.001167    0.087680
     FP_AtomPair1024_990    0.007619               0.001166    0.088846
               MORSE_182    0.007607               0.001164    0.090010
     RDKit2D_VSA_EState4    0.007596               0.001162    0.091173
     FP_AtomPair1024_105    0.007570               0.001158    0.092331
     FP_AtomPair1024_806    0.007565               0.001158    0.093489
                 WHIM_16    0.007481               0.001145    0.094634
                 AC3D_23    0.007462               0.001142    0.095776
                 AC2D_60    0.007447               0.001140    0.096915
             GETAWAY_152    0.007436               0.001138    0.098053
                 RDF_149    0.007431               0.001137    0.099191
         FP_RDKit512_293    0.007425               0.001136    0.100327
         FP_RDKit512_189    0.007363               0.001127    0.101454
    FP_Morgan1024_r2_333    0.007344               0.001124    0.102578
  FP_TopoTorsion1024_704    0.007334               0.001122    0.103700
     FP_AtomPair1024_861    0.007293               0.001116    0.104816
     FP_AtomPair1024_804    0.007277               0.001114    0.105930
                 AC3D_33    0.007275               0.001113    0.107043
     FP_AtomPair1024_294    0.007268               0.001112    0.108155
         FP_RDKit512_352    0.007230               0.001106    0.109262
                AC2D_112    0.007210               0.001103    0.110365
       RDKit2D_PEOE_VSA4    0.007209               0.001103    0.111468
     FP_AtomPair1024_824    0.007199               0.001102    0.112570
     FP_AtomPair1024_940    0.007157               0.001095    0.113665
                 WHIM_19    0.007146               0.001094    0.114759
         FP_RDKit512_496    0.007135               0.001092    0.115851
     FP_AtomPair1024_145    0.007133               0.001092    0.116942
                  RDF_48    0.007132               0.001091    0.118034
     FP_AtomPair1024_424    0.007099               0.001086    0.119120
                 AC2D_49    0.007054               0.001080    0.120200
                MORSE_45    0.007054               0.001079    0.121279
            FP_MACCS_100    0.007045               0.001078    0.122357
        RDKit2D_SMR_VSA4    0.007045               0.001078    0.123435
RDKit2D_FpDensityMorgan1    0.007030               0.001076    0.124511
     FP_AtomPair1024_325    0.007024               0.001075    0.125586
       Pharm2D_Gobbi_157    0.007019               0.001074    0.126660
               MORSE_109    0.007015               0.001074    0.127734
     FP_AtomPair1024_544    0.007015               0.001073    0.128807
         FP_RDKit512_213    0.007005               0.001072    0.129879
  FP_TopoTorsion1024_184    0.006999               0.001071    0.130950
            FP_MACCS_146    0.006995               0.001070    0.132021
     FP_AtomPair1024_188    0.006985               0.001069    0.133090
FP_MorganFeat1024_r2_713    0.006980               0.001068    0.134158
     FP_AtomPair1024_966    0.006977               0.001068    0.135225
          FP_RDKit512_85    0.006941               0.001062    0.136288
    FP_Morgan1024_r2_673    0.006923               0.001059    0.137347
                  RDF_91    0.006921               0.001059    0.138406
             GETAWAY_134    0.006919               0.001059    0.139465
     FP_AtomPair1024_323    0.006873               0.001052    0.140517
                AC2D_100    0.006872               0.001052    0.141569
              GETAWAY_33    0.006813               0.001043    0.142611
FP_MorganFeat1024_r2_685    0.006788               0.001039    0.143650
     FP_AtomPair1024_379    0.006779               0.001037    0.144687
     FP_AtomPair1024_629    0.006772               0.001036    0.145724
             GETAWAY_173    0.006695               0.001025    0.146748
                 AC3D_54    0.006688               0.001023    0.147772
                AC2D_117    0.006686               0.001023    0.148795
              GETAWAY_28    0.006657               0.001019    0.149813
                 AC2D_61    0.006632               0.001015    0.150828
     FP_AtomPair1024_258    0.006618               0.001013    0.151841
               MORSE_205    0.006561               0.001004    0.152845
     FP_AtomPair1024_518    0.006561               0.001004    0.153849
             GETAWAY_219    0.006553               0.001003    0.154852
                 AC3D_25    0.006542               0.001001    0.155853
    FP_Morgan1024_r2_361    0.006539               0.001001    0.156854
                 MORSE_7    0.006529               0.000999    0.157853
                MORSE_51    0.006453               0.000988    0.158841
    FP_Morgan1024_r2_109    0.006449               0.000987    0.159827
             GETAWAY_256    0.006436               0.000985    0.160812
      FP_AtomPair1024_34    0.006418               0.000982    0.161795
       RDKit2D_PEOE_VSA7    0.006383               0.000977    0.162771
               MORSE_200    0.006368               0.000975    0.163746
     FP_AtomPair1024_588    0.006354               0.000972    0.164718
      RDKit2D_SlogP_VSA6    0.006353               0.000972    0.165690
       Pharm2D_Gobbi_132    0.006352               0.000972    0.166662
    FP_Morgan1024_r2_319    0.006341               0.000970    0.167633
                 RDF_105    0.006341               0.000970    0.168603
     FP_AtomPair1024_697    0.006335               0.000970    0.169573
                 AC2D_88    0.006333               0.000969    0.170542
                 RDF_203    0.006322               0.000968    0.171509
    FP_AtomPair1024_1013    0.006322               0.000968    0.172477
    FP_AtomPair1024_1022    0.006312               0.000966    0.173443
FP_MorganFeat1024_r2_190    0.006311               0.000966    0.174409
             RDKit2D_Ipc    0.006295               0.000963    0.175372
     FP_AtomPair1024_232    0.006285               0.000962    0.176334
         FP_RDKit512_199    0.006283               0.000961    0.177295
          FP_RDKit512_16    0.006281               0.000961    0.178256
                MORSE_32    0.006281               0.000961    0.179217
      FP_AtomPair1024_88    0.006235               0.000954    0.180172
               MORSE_186    0.006229               0.000953    0.181125
                AC2D_183    0.006215               0.000951    0.182076
         FP_RDKit512_181    0.006159               0.000942    0.183018
         FP_RDKit512_244    0.006152               0.000941    0.183960
                MORSE_63    0.006150               0.000941    0.184901
          FP_RDKit512_21    0.006145               0.000940    0.185841
     FP_AtomPair1024_956    0.006124               0.000937    0.186779
         FP_RDKit512_480    0.006123               0.000937    0.187716
              GETAWAY_47    0.006121               0.000937    0.188652
         FP_RDKit512_233    0.006114               0.000936    0.189588
RDKit2D_MinPartialCharge    0.006111               0.000935    0.190523
                 AC2D_81    0.006109               0.000935    0.191458
                AC2D_148    0.006104               0.000934    0.192392
     FP_AtomPair1024_475    0.006102               0.000934    0.193326
          FP_RDKit512_75    0.006087               0.000931    0.194257
         FP_RDKit512_222    0.006061               0.000927    0.195185
     FP_AtomPair1024_704    0.006050               0.000926    0.196111
                AC2D_164    0.006046               0.000925    0.197036
         FP_RDKit512_387    0.006046               0.000925    0.197961
     FP_AtomPair1024_970    0.006031               0.000923    0.198884
         FP_RDKit512_197    0.006015               0.000920    0.199804