Top Features Contributing to 20% of Performance
================================================================================
Model: MLP_Wide
Family: nn
Endpoint: pEC50
Species: mus_musculus
Total Features: 2647
Top Features Count: 146
Cumulative Importance: 0.1998
================================================================================

                        feature  importance  importance_normalized  cumulative
            FP_AtomPair1024_573    0.032182               0.003120    0.003120
RDKit2D_NumAromaticHeterocycles    0.024243               0.002350    0.005470
                         RDF_35    0.022506               0.002182    0.007652
                FP_RDKit512_182    0.021829               0.002116    0.009768
            FP_AtomPair1024_740    0.020579               0.001995    0.011762
                    GETAWAY_121    0.020564               0.001993    0.013756
                   FP_MACCS_138    0.020465               0.001984    0.015740
                         RDF_47    0.020332               0.001971    0.017711
               Pharm2D_Gobbi_68    0.019939               0.001933    0.019644
           FP_Morgan1024_r2_628    0.019719               0.001912    0.021555
                     GETAWAY_25    0.019565               0.001897    0.023452
                        RDF_201    0.019198               0.001861    0.025313
         FP_TopoTorsion1024_409    0.019026               0.001844    0.027157
                    GETAWAY_264    0.018629               0.001806    0.028963
                      MORSE_174    0.018620               0.001805    0.030768
            FP_AtomPair1024_841    0.018390               0.001783    0.032551
                 RDKit2D_fr_C_O    0.018108               0.001755    0.034306
        FP_MorganFeat1024_r2_61    0.017973               0.001742    0.036049
         Phys_Max_Bond_Polarity    0.017932               0.001738    0.037787
            FP_AtomPair1024_670    0.017540               0.001700    0.039487
                     GETAWAY_71    0.016941               0.001642    0.041129
                    GETAWAY_132    0.016771               0.001626    0.042755
            FP_AtomPair1024_244    0.016651               0.001614    0.044369
                        AC2D_61    0.016622               0.001611    0.045981
            FP_AtomPair1024_882    0.016581               0.001607    0.047588
            RDKit2D_VSA_EState4    0.016462               0.001596    0.049184
                    GETAWAY_182    0.016349               0.001585    0.050769
                         RDF_56    0.016290               0.001579    0.052348
                        AC2D_72    0.016279               0.001578    0.053926
            FP_AtomPair1024_883    0.015904               0.001542    0.055468
           Dock_RotBond_Penalty    0.015602               0.001512    0.056980
                    GETAWAY_239    0.015597               0.001512    0.058492
            FP_AtomPair1024_865    0.015516               0.001504    0.059996
            FP_AtomPair1024_628    0.015330               0.001486    0.061482
                FP_RDKit512_359    0.015255               0.001479    0.062961
            FP_AtomPair1024_600    0.015099               0.001464    0.064425
                   FP_MACCS_101    0.015076               0.001461    0.065886
            FP_AtomPair1024_378    0.015023               0.001456    0.067343
                FP_RDKit512_124    0.014980               0.001452    0.068795
            FP_AtomPair1024_675    0.014872               0.001442    0.070236
                       AC2D_147    0.014870               0.001442    0.071678
                     GETAWAY_31    0.014847               0.001439    0.073117
             FP_AtomPair1024_89    0.014758               0.001431    0.074548
       FP_MorganFeat1024_r2_713    0.014728               0.001428    0.075975
                FP_RDKit512_171    0.014557               0.001411    0.077386
         FP_TopoTorsion1024_425    0.014528               0.001408    0.078795
                FP_RDKit512_366    0.014502               0.001406    0.080201
                         RDF_29    0.014485               0.001404    0.081605
                FP_RDKit512_326    0.014450               0.001401    0.083006
                         RDF_24    0.014421               0.001398    0.084404
             FP_AtomPair1024_27    0.014369               0.001393    0.085797
                        RDF_186    0.014367               0.001393    0.087189
            FP_AtomPair1024_688    0.014335               0.001390    0.088579
               RDKit2D_fr_imide    0.014284               0.001385    0.089964
            FP_AtomPair1024_815    0.014218               0.001378    0.091342
                        WHIM_44    0.014149               0.001372    0.092713
            FP_AtomPair1024_369    0.014148               0.001371    0.094085
                        AC2D_79    0.014128               0.001370    0.095455
                RDKit2D_BertzCT    0.013993               0.001357    0.096811
                FP_RDKit512_249    0.013881               0.001346    0.098157
                         RDF_26    0.013720               0.001330    0.099487
            FP_AtomPair1024_206    0.013718               0.001330    0.100816
                     GETAWAY_70    0.013674               0.001326    0.102142
            FP_AtomPair1024_636    0.013630               0.001321    0.103463
            FP_AtomPair1024_992    0.013584               0.001317    0.104780
                      MORSE_181    0.013560               0.001314    0.106095
                FP_RDKit512_459    0.013533               0.001312    0.107406
                        RDF_176    0.013516               0.001310    0.108717
       FP_MorganFeat1024_r2_566    0.013459               0.001305    0.110021
                        AC2D_36    0.013272               0.001287    0.111308
                 FP_RDKit512_98    0.013266               0.001286    0.112594
       RDKit2D_NumAromaticRings    0.013189               0.001279    0.113873
          RDKit2D_NumAmideBonds    0.013125               0.001272    0.115145
                         RDF_65    0.013110               0.001271    0.116416
               RDKit2D_BalabanJ    0.013109               0.001271    0.117687
            FP_AtomPair1024_434    0.013076               0.001268    0.118954
                         AC3D_5    0.013074               0.001267    0.120222
                Shape_Ratio_L_W    0.012955               0.001256    0.121477
                         WHIM_6    0.012909               0.001251    0.122729
                FP_RDKit512_333    0.012877               0.001248    0.123977
                FP_RDKit512_246    0.012839               0.001245    0.125222
                        3D_PMI3    0.012832               0.001244    0.126466
                       MORSE_41    0.012800               0.001241    0.127706
            FP_AtomPair1024_553    0.012766               0.001238    0.128944
                    GETAWAY_198    0.012727               0.001234    0.130178
            FP_AtomPair1024_723    0.012717               0.001233    0.131410
                       AC2D_112    0.012633               0.001225    0.132635
                      MORSE_113    0.012596               0.001221    0.133856
                       AC2D_172    0.012552               0.001217    0.135073
                 FP_RDKit512_39    0.012475               0.001209    0.136282
            FP_Morgan1024_r2_43    0.012449               0.001207    0.137489
            FP_AtomPair1024_572    0.012440               0.001206    0.138695
                FP_RDKit512_451    0.012379               0.001200    0.139895
           FP_Morgan1024_r2_641    0.012376               0.001200    0.141095
                      MORSE_110    0.012369               0.001199    0.142294
                        AC2D_69    0.012319               0.001194    0.143488
                FP_RDKit512_290    0.012294               0.001192    0.144680
                       MORSE_76    0.012268               0.001189    0.145869
                 RDKit2D_AvgIpc    0.012259               0.001188    0.147057
            RDKit2D_VSA_EState6    0.012259               0.001188    0.148246
            FP_AtomPair1024_787    0.012238               0.001186    0.149432
                    FP_MACCS_80    0.012164               0.001179    0.150611
                FP_RDKit512_170    0.012088               0.001172    0.151783
                FP_RDKit512_407    0.012044               0.001167    0.152951
                        AC2D_35    0.011995               0.001163    0.154113
            FP_AtomPair1024_181    0.011964               0.001160    0.155273
            FP_AtomPair1024_741    0.011942               0.001158    0.156431
                     GETAWAY_91    0.011907               0.001154    0.157585
                       MORSE_90    0.011850               0.001149    0.158734
                     GETAWAY_78    0.011848               0.001149    0.159882
            FP_AtomPair1024_832    0.011843               0.001148    0.161030
              QM_Charge_Sum_Abs    0.011811               0.001145    0.162175
                        RDF_180    0.011809               0.001145    0.163320
                 FP_RDKit512_15    0.011806               0.001144    0.164464
                 FP_RDKit512_95    0.011766               0.001141    0.165605
                FP_RDKit512_116    0.011762               0.001140    0.166745
                         RDF_58    0.011760               0.001140    0.167885
                    GETAWAY_211    0.011712               0.001135    0.169021
            FP_AtomPair1024_178    0.011680               0.001132    0.170153
                       AC2D_189    0.011638               0.001128    0.171281
             FP_AtomPair1024_19    0.011613               0.001126    0.172407
                         RDF_11    0.011567               0.001121    0.173528
            FP_Morgan1024_r2_59    0.011541               0.001119    0.174647
                        WHIM_67    0.011536               0.001118    0.175765
                FP_RDKit512_271    0.011512               0.001116    0.176881
                        RDF_198    0.011504               0.001115    0.177996
                       AC2D_174    0.011504               0.001115    0.179111
           FP_Morgan1024_r2_762    0.011492               0.001114    0.180226
                FP_RDKit512_229    0.011463               0.001111    0.181337
                        AC3D_37    0.011450               0.001110    0.182447
            FP_AtomPair1024_905    0.011443               0.001109    0.183556
       FP_MorganFeat1024_r2_550    0.011443               0.001109    0.184665
           FP_Morgan1024_r2_968    0.011409               0.001106    0.185771
                         RDF_40    0.011250               0.001091    0.186862
            FP_AtomPair1024_517    0.011224               0.001088    0.187950
           FP_Morgan1024_r2_896    0.011200               0.001086    0.189036
                        WHIM_36    0.011187               0.001084    0.190120
                     GETAWAY_75    0.011161               0.001082    0.191202
                         AC2D_1    0.011135               0.001079    0.192281
                FP_RDKit512_251    0.011134               0.001079    0.193361
                FP_RDKit512_497    0.011119               0.001078    0.194439
           FP_Morgan1024_r2_236    0.011106               0.001077    0.195515
                RDKit2D_MolLogP    0.011091               0.001075    0.196590
            FP_AtomPair1024_379    0.011086               0.001075    0.197665
                        AC2D_71    0.011017               0.001068    0.198733
                      MORSE_144    0.010997               0.001066    0.199799