Top Features Contributing to 20% of Performance
================================================================================
Model: MLP_Large
Family: nn
Endpoint: pEC50
Species: mus_musculus
Total Features: 2647
Top Features Count: 190
Cumulative Importance: 0.1994
================================================================================

                  feature  importance  importance_normalized  cumulative
           FP_RDKit512_13    0.007977               0.001766    0.001766
                MORSE_175    0.007791               0.001725    0.003491
      FP_AtomPair1024_127    0.006989               0.001548    0.005039
          FP_RDKit512_437    0.006966               0.001542    0.006581
              FP_MACCS_75    0.006944               0.001538    0.008119
      FP_AtomPair1024_243    0.006592               0.001460    0.009578
        Pharm2D_Gobbi_202    0.006567               0.001454    0.011032
          FP_RDKit512_277    0.006397               0.001416    0.012449
               GETAWAY_43    0.006375               0.001411    0.013860
                  AC3D_79    0.006275               0.001389    0.015250
         Pharm2D_Gobbi_65    0.006257               0.001385    0.016635
          FP_RDKit512_420    0.006158               0.001364    0.017999
      FP_AtomPair1024_281    0.006073               0.001345    0.019343
          FP_RDKit512_178    0.005964               0.001321    0.020664
                   RDF_96    0.005929               0.001313    0.021977
          FP_RDKit512_425    0.005925               0.001312    0.023289
     FP_Morgan1024_r2_351    0.005873               0.001300    0.024589
                MORSE_197    0.005787               0.001281    0.025870
          FP_RDKit512_169    0.005780               0.001280    0.027150
          FP_RDKit512_359    0.005777               0.001279    0.028429
          FP_RDKit512_157    0.005747               0.001272    0.029702
                 MORSE_15    0.005739               0.001271    0.030973
          FP_RDKit512_407    0.005687               0.001259    0.032232
                MORSE_174    0.005681               0.001258    0.033490
          FP_RDKit512_506    0.005658               0.001253    0.034742
              GETAWAY_123    0.005556               0.001230    0.035973
                   RDF_11    0.005555               0.001230    0.037203
           FP_RDKit512_78    0.005546               0.001228    0.038431
          FP_RDKit512_206    0.005546               0.001228    0.039658
                  AC2D_72    0.005544               0.001228    0.040886
      RDKit2D_fr_thiazole    0.005470               0.001211    0.042097
      FP_AtomPair1024_505    0.005424               0.001201    0.043298
        RDKit2D_fr_Al_COO    0.005396               0.001195    0.044493
      FP_AtomPair1024_489    0.005376               0.001190    0.045683
 FP_MorganFeat1024_r2_499    0.005356               0.001186    0.046869
      FP_Morgan1024_r2_36    0.005344               0.001183    0.048053
           FP_RDKit512_56    0.005339               0.001182    0.049235
      FP_AtomPair1024_400    0.005316               0.001177    0.050412
       FP_AtomPair1024_69    0.005303               0.001174    0.051586
      FP_AtomPair1024_889    0.005287               0.001171    0.052757
     FP_Morgan1024_r2_102    0.005276               0.001168    0.053925
      FP_AtomPair1024_856    0.005263               0.001165    0.055090
      FP_AtomPair1024_348    0.005247               0.001162    0.056252
       FP_AtomPair1024_48    0.005225               0.001157    0.057409
          FP_RDKit512_249    0.005207               0.001153    0.058562
      FP_Morgan1024_r2_73    0.005206               0.001153    0.059715
      FP_AtomPair1024_588    0.005180               0.001147    0.060862
      FP_AtomPair1024_645    0.005176               0.001146    0.062008
                 AC2D_169    0.005165               0.001144    0.063151
   FP_TopoTorsion1024_688    0.005162               0.001143    0.064294
                GETAWAY_0    0.005140               0.001138    0.065432
      FP_AtomPair1024_117    0.005139               0.001138    0.066570
              GETAWAY_153    0.005125               0.001135    0.067705
           FP_RDKit512_67    0.005122               0.001134    0.068839
                  AC3D_40    0.005117               0.001133    0.069972
      FP_AtomPair1024_518    0.005110               0.001131    0.071103
      FP_AtomPair1024_298    0.005102               0.001130    0.072233
                 AC2D_143    0.005042               0.001116    0.073350
               GETAWAY_13    0.005014               0.001110    0.074460
      FP_AtomPair1024_822    0.004990               0.001105    0.075565
              GETAWAY_237    0.004969               0.001100    0.076665
      FP_AtomPair1024_683    0.004969               0.001100    0.077765
      FP_AtomPair1024_305    0.004966               0.001100    0.078865
     Graph_Centrality_Max    0.004960               0.001098    0.079963
             FP_MACCS_122    0.004945               0.001095    0.081058
                  AC3D_48    0.004917               0.001089    0.082147
             FP_MACCS_132    0.004874               0.001079    0.083226
      FP_AtomPair1024_896    0.004843               0.001072    0.084298
 FP_MorganFeat1024_r2_139    0.004843               0.001072    0.085371
          FP_RDKit512_286    0.004827               0.001069    0.086440
      FP_AtomPair1024_551    0.004823               0.001068    0.087508
      FP_AtomPair1024_517    0.004815               0.001066    0.088574
              FP_MACCS_83    0.004789               0.001060    0.089634
      FP_AtomPair1024_806    0.004776               0.001058    0.090692
         Pharm2D_Gobbi_67    0.004748               0.001051    0.091743
     FP_Morgan1024_r2_138    0.004740               0.001049    0.092792
                MORSE_140    0.004735               0.001048    0.093841
              GETAWAY_207    0.004727               0.001047    0.094887
              GETAWAY_135    0.004717               0.001045    0.095932
          FP_RDKit512_367    0.004689               0.001038    0.096970
               GETAWAY_91    0.004680               0.001036    0.098006
              GETAWAY_149    0.004658               0.001031    0.099038
          FP_RDKit512_450    0.004644               0.001028    0.100066
                MORSE_166    0.004637               0.001027    0.101093
     Phys_Count_Neg_Atoms    0.004619               0.001023    0.102116
          FP_RDKit512_234    0.004614               0.001022    0.103137
          FP_RDKit512_228    0.004608               0.001020    0.104157
           FP_RDKit512_80    0.004604               0.001019    0.105177
           FP_RDKit512_74    0.004592               0.001017    0.106194
           FP_RDKit512_10    0.004560               0.001010    0.107203
     FP_Morgan1024_r2_809    0.004548               0.001007    0.108210
 FP_MorganFeat1024_r2_446    0.004542               0.001006    0.109216
      FP_AtomPair1024_960    0.004531               0.001003    0.110219
           FP_RDKit512_22    0.004529               0.001003    0.111222
           FP_RDKit512_55    0.004526               0.001002    0.112224
            FP_RDKit512_6    0.004519               0.001001    0.113225
             FP_MACCS_126    0.004498               0.000996    0.114221
                 AC2D_121    0.004468               0.000989    0.115210
       FP_AtomPair1024_15    0.004468               0.000989    0.116199
      FP_AtomPair1024_437    0.004454               0.000986    0.117186
              GETAWAY_109    0.004453               0.000986    0.118172
       RDKit2D_SlogP_VSA5    0.004448               0.000985    0.119156
                  AC2D_28    0.004439               0.000983    0.120139
                  RDF_157    0.004434               0.000982    0.121121
      FP_AtomPair1024_164    0.004412               0.000977    0.122098
                MORSE_139    0.004407               0.000976    0.123074
     FP_Morgan1024_r2_175    0.004406               0.000976    0.124049
                   RDF_38    0.004404               0.000975    0.125025
                   RDF_31    0.004396               0.000973    0.125998
              GETAWAY_142    0.004395               0.000973    0.126971
     FP_Morgan1024_r2_393    0.004390               0.000972    0.127943
                MORSE_129    0.004376               0.000969    0.128912
                 AC2D_109    0.004363               0.000966    0.129878
          FP_RDKit512_451    0.004361               0.000966    0.130844
      FP_AtomPair1024_436    0.004358               0.000965    0.131808
      FP_AtomPair1024_504    0.004341               0.000961    0.132770
      RDKit2D_SlogP_VSA12    0.004319               0.000956    0.133726
                    RDF_8    0.004310               0.000954    0.134680
     FP_Morgan1024_r2_417    0.004305               0.000953    0.135634
      FP_AtomPair1024_909    0.004301               0.000952    0.136586
                 AC2D_147    0.004298               0.000952    0.137538
      FP_AtomPair1024_861    0.004268               0.000945    0.138483
               GETAWAY_97    0.004262               0.000944    0.139426
            RDKit2D_Chi0v    0.004261               0.000944    0.140370
                 MORSE_19    0.004257               0.000943    0.141312
              GETAWAY_272    0.004256               0.000942    0.142255
              FP_MACCS_95    0.004255               0.000942    0.143197
                 AC2D_164    0.004255               0.000942    0.144139
   FP_TopoTorsion1024_564    0.004248               0.000941    0.145080
                   RDF_71    0.004216               0.000933    0.146013
       FP_AtomPair1024_66    0.004213               0.000933    0.146946
     FP_Morgan1024_r2_136    0.004210               0.000932    0.147878
                 AC2D_117    0.004208               0.000932    0.148810
      FP_AtomPair1024_878    0.004206               0.000931    0.149741
      FP_AtomPair1024_670    0.004201               0.000930    0.150671
     FP_Morgan1024_r2_494    0.004188               0.000927    0.151599
                 MORSE_46    0.004180               0.000926    0.152524
     FP_Morgan1024_r2_968    0.004170               0.000923    0.153448
              FP_MACCS_59    0.004168               0.000923    0.154370
                  AC2D_69    0.004168               0.000923    0.155293
                  AC2D_42    0.004167               0.000923    0.156216
          FP_RDKit512_333    0.004134               0.000915    0.157131
        Pharm2D_Gobbi_117    0.004132               0.000915    0.158046
RDKit2D_MaxAbsEStateIndex    0.004131               0.000915    0.158961
          FP_RDKit512_190    0.004111               0.000910    0.159871
           FP_RDKit512_23    0.004104               0.000909    0.160780
FP_MorganFeat1024_r2_1016    0.004104               0.000909    0.161689
       RDKit2D_ExactMolWt    0.004097               0.000907    0.162596
      FP_AtomPair1024_201    0.004076               0.000902    0.163498
      FP_AtomPair1024_908    0.004067               0.000901    0.164399
                  AC3D_18    0.004062               0.000899    0.165298
              GETAWAY_131    0.004054               0.000898    0.166196
 FP_MorganFeat1024_r2_865    0.004049               0.000896    0.167092
                  RDF_156    0.004044               0.000895    0.167987
                  AC3D_28    0.004043               0.000895    0.168883
             FP_MACCS_142    0.004034               0.000893    0.169776
                   AC2D_6    0.004026               0.000891    0.170667
   FP_TopoTorsion1024_576    0.004009               0.000888    0.171555
 FP_MorganFeat1024_r2_577    0.004004               0.000887    0.172441
             FP_MACCS_118    0.004000               0.000886    0.173327
                  WHIM_16    0.003992               0.000884    0.174211
      FP_AtomPair1024_778    0.003986               0.000883    0.175094
                 MORSE_64    0.003978               0.000881    0.175975
                   RDF_33    0.003977               0.000880    0.176855
          FP_RDKit512_174    0.003976               0.000880    0.177736
                 MORSE_50    0.003971               0.000879    0.178615
               GETAWAY_98    0.003970               0.000879    0.179494
          FP_RDKit512_229    0.003958               0.000876    0.180370
        FP_AtomPair1024_8    0.003954               0.000876    0.181246
      FP_AtomPair1024_488    0.003951               0.000875    0.182121
                MORSE_109    0.003950               0.000875    0.182996
             RDKit2D_Chi1    0.003936               0.000871    0.183867
      FP_AtomPair1024_301    0.003935               0.000871    0.184738
              GETAWAY_174    0.003934               0.000871    0.185609
              RDKit2D_SPS    0.003929               0.000870    0.186479
      FP_AtomPair1024_917    0.003927               0.000869    0.187349
      FP_AtomPair1024_232    0.003921               0.000868    0.188217
          FP_RDKit512_141    0.003917               0.000867    0.189084
                 AC2D_133    0.003908               0.000865    0.189950
              GETAWAY_208    0.003903               0.000864    0.190814
         Pharm2D_Gobbi_61    0.003899               0.000863    0.191677
      FP_AtomPair1024_156    0.003894               0.000862    0.192540
               GETAWAY_72    0.003889               0.000861    0.193401
          FP_RDKit512_108    0.003876               0.000858    0.194259
      FP_AtomPair1024_790    0.003866               0.000856    0.195115
       RDKit2D_PEOE_VSA13    0.003859               0.000854    0.195969
              GETAWAY_242    0.003851               0.000853    0.196822
            RDKit2D_Chi2n    0.003850               0.000853    0.197675
      FP_AtomPair1024_262    0.003850               0.000852    0.198527
        Pharm2D_Gobbi_152    0.003849               0.000852    0.199379