Top Features Contributing to 20% of Performance
================================================================================
Model: MLP_Medium
Family: nn
Endpoint: pIC50
Species: all_SP
Total Features: 3599
Top Features Count: 198
Cumulative Importance: 0.1994
================================================================================

                 feature  importance  importance_normalized  cumulative
                 RDF_175    0.004378               0.002623    0.002623
FP_MorganFeat1024_r2_216    0.002850               0.001707    0.004331
     FP_AtomPair1024_455    0.002773               0.001661    0.005992
  FP_TopoTorsion1024_244    0.002722               0.001631    0.007623
  FP_TopoTorsion1024_295    0.002684               0.001608    0.009231
    FP_Morgan1024_r2_997    0.002639               0.001581    0.010813
    FP_Morgan1024_r2_730    0.002617               0.001568    0.012380
     FP_AtomPair1024_714    0.002564               0.001536    0.013916
     FP_AtomPair1024_312    0.002496               0.001495    0.015412
FP_MorganFeat1024_r2_631    0.002466               0.001477    0.016889
    FP_Morgan1024_r2_595    0.002431               0.001457    0.018346
    FP_Morgan1024_r2_929    0.002428               0.001455    0.019801
    FP_Morgan1024_r2_401    0.002419               0.001449    0.021250
    FP_Morgan1024_r2_482    0.002390               0.001432    0.022682
FP_MorganFeat1024_r2_661    0.002359               0.001413    0.024095
  FP_TopoTorsion1024_817    0.002337               0.001400    0.025495
  FP_TopoTorsion1024_692    0.002212               0.001325    0.026820
    FP_Morgan1024_r2_544    0.002207               0.001322    0.028143
     FP_AtomPair1024_900    0.002176               0.001304    0.029447
     FP_AtomPair1024_190    0.002158               0.001293    0.030740
FP_MorganFeat1024_r2_877    0.002154               0.001290    0.032030
     FP_AtomPair1024_420    0.002136               0.001280    0.033310
         FP_RDKit512_396    0.002132               0.001277    0.034587
  FP_TopoTorsion1024_511    0.002122               0.001272    0.035859
    FP_Morgan1024_r2_470    0.002116               0.001268    0.037127
  FP_TopoTorsion1024_557    0.002107               0.001262    0.038389
     FP_AtomPair1024_812    0.002094               0.001255    0.039644
     FP_AtomPair1024_921    0.002065               0.001237    0.040881
                 AC3D_66    0.002053               0.001230    0.042111
     FP_AtomPair1024_681    0.002034               0.001219    0.043330
                AC2D_159    0.002024               0.001213    0.044543
    FP_Morgan1024_r2_690    0.001965               0.001177    0.045720
         FP_RDKit512_129    0.001961               0.001175    0.046895
     FP_AtomPair1024_197    0.001948               0.001167    0.048062
    FP_Morgan1024_r2_174    0.001946               0.001166    0.049228
         FP_RDKit512_257    0.001945               0.001165    0.050393
         FP_RDKit512_167    0.001935               0.001160    0.051552
     FP_AtomPair1024_445    0.001935               0.001160    0.052712
     FP_AtomPair1024_975    0.001928               0.001155    0.053867
         FP_RDKit512_400    0.001919               0.001150    0.055017
     FP_AtomPair1024_686    0.001914               0.001147    0.056164
         FP_RDKit512_308    0.001907               0.001143    0.057307
FP_MorganFeat1024_r2_198    0.001906               0.001142    0.058449
     FP_AtomPair1024_631    0.001906               0.001142    0.059591
    FP_Morgan1024_r2_247    0.001903               0.001140    0.060731
         FP_RDKit512_397    0.001897               0.001137    0.061867
     FP_AtomPair1024_412    0.001886               0.001130    0.062997
      FP_AtomPair1024_54    0.001878               0.001125    0.064122
     FP_AtomPair1024_341    0.001870               0.001121    0.065243
  FP_MorganFeat1024_r2_5    0.001869               0.001120    0.066363
FP_MorganFeat1024_r2_217    0.001852               0.001109    0.067472
                 AC3D_68    0.001831               0.001097    0.068569
         FP_RDKit512_105    0.001830               0.001096    0.069666
                AC2D_183    0.001829               0.001096    0.070762
  FP_TopoTorsion1024_564    0.001828               0.001096    0.071857
  FP_TopoTorsion1024_321    0.001815               0.001087    0.072945
     FP_AtomPair1024_922    0.001813               0.001086    0.074031
     FP_AtomPair1024_670    0.001811               0.001085    0.075116
     FP_AtomPair1024_718    0.001811               0.001085    0.076201
  FP_TopoTorsion1024_165    0.001808               0.001083    0.077285
         FP_RDKit512_409    0.001790               0.001073    0.078357
     FP_AtomPair1024_213    0.001779               0.001066    0.079423
    FP_Morgan1024_r2_898    0.001773               0.001062    0.080486
         FP_RDKit512_485    0.001768               0.001060    0.081545
     FP_AtomPair1024_576    0.001766               0.001058    0.082603
         FP_RDKit512_175    0.001761               0.001055    0.083658
  FP_TopoTorsion1024_722    0.001749               0.001048    0.084706
  FP_TopoTorsion1024_337    0.001740               0.001043    0.085749
     FP_AtomPair1024_661    0.001731               0.001037    0.086786
   FP_Morgan1024_r2_1020    0.001731               0.001037    0.087823
    FP_Morgan1024_r2_694    0.001722               0.001032    0.088855
    FP_Morgan1024_r2_586    0.001706               0.001022    0.089877
      FP_AtomPair1024_93    0.001705               0.001022    0.090899
                   RDF_7    0.001704               0.001021    0.091920
     FP_AtomPair1024_212    0.001691               0.001013    0.092933
  FP_TopoTorsion1024_825    0.001688               0.001011    0.093944
         FP_RDKit512_198    0.001680               0.001006    0.094950
              FP_MACCS_8    0.001673               0.001002    0.095953
          FP_RDKit512_45    0.001672               0.001002    0.096954
                 3D_PMI1    0.001655               0.000991    0.097946
     FP_AtomPair1024_698    0.001653               0.000990    0.098936
     FP_AtomPair1024_223    0.001650               0.000989    0.099924
    FP_Morgan1024_r2_136    0.001647               0.000987    0.100911
    FP_Morgan1024_r2_205    0.001646               0.000986    0.101898
     FP_AtomPair1024_745    0.001629               0.000976    0.102874
     FP_AtomPair1024_318    0.001621               0.000971    0.103845
                AC2D_170    0.001612               0.000966    0.104811
     FP_AtomPair1024_720    0.001609               0.000964    0.105774
FP_MorganFeat1024_r2_383    0.001608               0.000963    0.106738
      FP_Morgan1024_r2_5    0.001608               0.000963    0.107701
    FP_Morgan1024_r2_483    0.001605               0.000962    0.108663
     FP_AtomPair1024_502    0.001603               0.000960    0.109623
   FP_Morgan1024_r2_1023    0.001601               0.000959    0.110582
FP_MorganFeat1024_r2_726    0.001594               0.000955    0.111537
    FP_Morgan1024_r2_336    0.001593               0.000955    0.112492
         FP_RDKit512_458    0.001579               0.000946    0.113438
    FP_Morgan1024_r2_313    0.001574               0.000943    0.114381
     FP_AtomPair1024_157    0.001564               0.000937    0.115318
     FP_AtomPair1024_763    0.001561               0.000935    0.116253
     FP_AtomPair1024_645    0.001559               0.000934    0.117187
     FP_AtomPair1024_340    0.001554               0.000931    0.118118
     FP_AtomPair1024_236    0.001552               0.000930    0.119048
     FP_AtomPair1024_423    0.001548               0.000928    0.119976
                 AC3D_38    0.001540               0.000923    0.120898
         FP_RDKit512_291    0.001536               0.000920    0.121818
  FP_TopoTorsion1024_620    0.001535               0.000920    0.122738
     FP_AtomPair1024_806    0.001526               0.000914    0.123652
          FP_RDKit512_17    0.001514               0.000907    0.124560
  FP_TopoTorsion1024_300    0.001511               0.000905    0.125465
      FP_AtomPair1024_99    0.001509               0.000904    0.126369
          FP_RDKit512_26    0.001502               0.000900    0.127269
     FP_AtomPair1024_660    0.001498               0.000898    0.128167
  FP_TopoTorsion1024_330    0.001493               0.000895    0.129061
FP_MorganFeat1024_r2_513    0.001492               0.000894    0.129955
    FP_Morgan1024_r2_358    0.001490               0.000893    0.130848
     FP_AtomPair1024_726    0.001489               0.000892    0.131740
     FP_AtomPair1024_107    0.001485               0.000890    0.132630
    FP_Morgan1024_r2_144    0.001482               0.000888    0.133517
FP_MorganFeat1024_r2_763    0.001476               0.000884    0.134402
         FP_RDKit512_139    0.001472               0.000882    0.135284
         FP_RDKit512_374    0.001472               0.000882    0.136166
      FP_AtomPair1024_48    0.001464               0.000877    0.137043
     FP_AtomPair1024_932    0.001457               0.000873    0.137916
       RDKit2D_PEOE_VSA8    0.001451               0.000869    0.138785
     FP_AtomPair1024_978    0.001451               0.000869    0.139654
             FP_MACCS_95    0.001447               0.000867    0.140521
     FP_AtomPair1024_179    0.001447               0.000867    0.141388
     FP_AtomPair1024_366    0.001446               0.000866    0.142254
     FP_AtomPair1024_354    0.001446               0.000866    0.143121
     FP_AtomPair1024_878    0.001445               0.000866    0.143987
     FP_AtomPair1024_285    0.001439               0.000862    0.144849
FP_MorganFeat1024_r2_922    0.001436               0.000861    0.145709
FP_MorganFeat1024_r2_132    0.001431               0.000857    0.146567
         FP_RDKit512_266    0.001426               0.000854    0.147421
    FP_Morgan1024_r2_422    0.001425               0.000854    0.148275
    FP_Morgan1024_r2_960    0.001424               0.000853    0.149128
     FP_AtomPair1024_222    0.001424               0.000853    0.149981
         FP_RDKit512_479    0.001421               0.000852    0.150833
     FP_AtomPair1024_269    0.001417               0.000849    0.151682
    FP_Morgan1024_r2_853    0.001416               0.000849    0.152531
    FP_Morgan1024_r2_288    0.001413               0.000846    0.153377
     FP_AtomPair1024_385    0.001412               0.000846    0.154223
    Graph_Centrality_Max    0.001410               0.000845    0.155068
                AC2D_181    0.001407               0.000843    0.155911
          FP_RDKit512_95    0.001401               0.000839    0.156750
     FP_Morgan1024_r2_61    0.001400               0.000839    0.157589
     FP_AtomPair1024_843    0.001399               0.000838    0.158427
     FP_AtomPair1024_849    0.001396               0.000836    0.159263
     FP_AtomPair1024_105    0.001391               0.000834    0.160097
     FP_AtomPair1024_979    0.001390               0.000833    0.160930
                 AC3D_13    0.001389               0.000832    0.161762
                AC2D_140    0.001388               0.000832    0.162593
     FP_AtomPair1024_841    0.001381               0.000827    0.163421
         FP_RDKit512_423    0.001380               0.000827    0.164248
     FP_AtomPair1024_136    0.001380               0.000827    0.165074
     FP_AtomPair1024_326    0.001369               0.000821    0.165895
    FP_Morgan1024_r2_827    0.001368               0.000820    0.166714
  FP_TopoTorsion1024_696    0.001367               0.000819    0.167533
      FP_AtomPair1024_40    0.001365               0.000818    0.168351
    FP_Morgan1024_r2_281    0.001364               0.000817    0.169168
FP_MorganFeat1024_r2_523    0.001364               0.000817    0.169985
  FP_TopoTorsion1024_361    0.001362               0.000816    0.170801
FP_MorganFeat1024_r2_757    0.001362               0.000816    0.171617
   FP_TopoTorsion1024_31    0.001357               0.000813    0.172430
    FP_Morgan1024_r2_573    0.001355               0.000812    0.173242
 FP_TopoTorsion1024_1004    0.001353               0.000811    0.174052
  FP_TopoTorsion1024_202    0.001350               0.000809    0.174861
FP_MorganFeat1024_r2_835    0.001350               0.000809    0.175670
FP_MorganFeat1024_r2_388    0.001349               0.000808    0.176478
    FP_Morgan1024_r2_785    0.001346               0.000806    0.177284
FP_MorganFeat1024_r2_372    0.001345               0.000806    0.178090
     FP_AtomPair1024_902    0.001344               0.000805    0.178895
            FP_MACCS_107    0.001339               0.000802    0.179697
     FP_AtomPair1024_218    0.001338               0.000801    0.180499
  FP_TopoTorsion1024_745    0.001336               0.000801    0.181299
     FP_AtomPair1024_217    0.001331               0.000797    0.182097
         FP_RDKit512_393    0.001329               0.000796    0.182893
         FP_RDKit512_234    0.001325               0.000794    0.183687
     FP_AtomPair1024_984    0.001325               0.000794    0.184481
     FP_AtomPair1024_450    0.001319               0.000791    0.185272
FP_MorganFeat1024_r2_139    0.001319               0.000790    0.186062
     FP_AtomPair1024_331    0.001318               0.000790    0.186851
     FP_AtomPair1024_467    0.001316               0.000788    0.187640
      FP_AtomPair1024_21    0.001316               0.000788    0.188428
    FP_Morgan1024_r2_742    0.001315               0.000788    0.189215
  FP_TopoTorsion1024_690    0.001312               0.000786    0.190002
      FP_AtomPair1024_90    0.001312               0.000786    0.190788
    FP_Morgan1024_r2_140    0.001311               0.000786    0.191574
     FP_Morgan1024_r2_10    0.001311               0.000785    0.192359
    FP_Morgan1024_r2_775    0.001311               0.000785    0.193145
          FP_RDKit512_68    0.001307               0.000783    0.193928
     FP_AtomPair1024_400    0.001307               0.000783    0.194711
    FP_Morgan1024_r2_914    0.001301               0.000780    0.195491
   FP_TopoTorsion1024_42    0.001301               0.000779    0.196270
  FP_TopoTorsion1024_425    0.001299               0.000779    0.197049
             FP_MACCS_84    0.001299               0.000778    0.197827
    FP_Morgan1024_r2_547    0.001295               0.000776    0.198603
         FP_RDKit512_287    0.001293               0.000775    0.199377